-7.994 -0.00002934
-7.989 -0.00002958
-7.984 -0.00002983
-7.979 -0.00003009
-7.974 -0.00003035
-7.97 -0.00003062
-7.965 -0.00003090
-7.961 -0.00003119
-7.956 -0.00003148
-7.952 -0.00003179
-7.948 -0.00003210
-7.944 -0.00003242
-7.94 -0.00003275
-7.937 -0.00003309
-7.933 -0.00003344
-7.929 -0.00003380
-7.926 -0.00003417
-7.923 -0.00003455
-7.919 -0.00003494
-7.916 -0.00003535
-7.913 -0.00003576
-7.91 -0.00003619
-7.908 -0.00003662
-7.905 -0.00003707
-7.902 -0.00003754
-7.9 -0.00003801
-7.897 -0.00003850
-7.895 -0.00003900
-7.893 -0.00003952
-7.891 -0.00004005
-7.888 -0.00004060
-7.886 -0.00004117
-7.885 -0.00004175
-7.883 -0.00004234
-7.881 -0.00004296
-7.879 -0.00004359
-7.878 -0.00004424
-7.876 -0.00004491
-7.875 -0.00004560
-7.873 -0.00004631
-7.872 -0.00004704
-7.871 -0.00004779
-7.87 -0.00004857
-7.868 -0.00004937
-7.867 -0.00005019
-7.866 -0.00005104
-7.865 -0.00005192
-7.864 -0.00005282
-7.864 -0.00005375
-7.863 -0.00005471
-7.862 -0.00005570
-7.861 -0.00005672
-7.861 -0.00005777
-7.86 -0.00005886
-7.86 -0.00005998
-7.859 -0.00006114
-7.858 -0.00006233
-7.858 -0.00006357
-7.858 -0.00006484
-7.857 -0.00006616
-7.857 -0.00006752
-7.857 -0.00006893
-7.856 -0.00007039
-7.856 -0.00007189
-7.856 -0.00007345
-7.856 -0.00007506
-7.855 -0.00007673
-7.855 -0.00007845
-7.855 -0.00008024
-7.855 -0.00008209
-7.855 -0.00008401
-7.854 -0.00008599
-7.854 -0.00008805
-7.854 -0.00009019
-7.854 -0.00009240
-7.854 -0.00009470
-7.854 -0.00009708
-7.854 -0.00009956
-7.854 -0.00010210
-7.853 -0.00010480
-7.853 -0.00010760
-7.853 -0.00011040
-7.853 -0.00011340
-7.853 -0.00011660
-7.853 -0.00011980
-7.852 -0.00012320
-7.852 -0.00012670
-7.852 -0.00013030
-7.852 -0.00013420
-7.851 -0.00013810
-7.851 -0.00014230
-7.851 -0.00014660
-7.85 -0.00015110
-7.85 -0.00015580
-7.849 -0.00016070
-7.849 -0.00016580
-7.848 -0.00017120
-7.848 -0.00017680
-7.847 -0.00018270
-7.846 -0.00018880
-7.846 -0.00019530
-7.845 -0.00020200
-7.844 -0.00020900
-7.843 -0.00021650
-7.842 -0.00022420
-7.841 -0.00023240
-7.84 -0.00024090
-7.839 -0.00024990
-7.838 -0.00025940
-7.837 -0.00026930
-7.835 -0.00027980
-7.834 -0.00029080
-7.833 -0.00030240
-7.831 -0.00031460
-7.829 -0.00032750
-7.828 -0.00034110
-7.826 -0.00035550
-7.824 -0.00037070
-7.822 -0.00038670
-7.82 -0.00040370
-7.818 -0.00042170
-7.816 -0.00044080
-7.814 -0.00046100
-7.812 -0.00048240
-7.809 -0.00050520
-7.807 -0.00052940
-7.804 -0.00055510
-7.802 -0.00058250
-7.799 -0.00061170
-7.796 -0.00064270
-7.793 -0.00067590
-7.79 -0.00071130
-7.787 -0.00074910
-7.784 -0.00078960
-7.78 -0.00083290
-7.777 -0.00087930
-7.773 -0.00092900
-7.77 -0.00098250
-7.766 -0.00104000
-7.762 -0.00110200
-7.758 -0.00116800
-7.754 -0.00124000
-7.749 -0.00131700
-7.745 -0.00140100
-7.741 -0.00149100
-7.736 -0.00158900
-7.731 -0.00169500
-7.726 -0.00181000
-7.721 -0.00193500
-7.716 -0.00207100
-7.711 -0.00221900
-7.706 -0.00238100
-7.7 -0.00255700
-7.695 -0.00275000
-7.689 -0.00296100
-7.683 -0.00319300
-7.677 -0.00344700
-7.671 -0.00372700
-7.665 -0.00403400
-7.658 -0.00437400
-7.652 -0.00474800
-7.645 -0.00516200
-7.638 -0.00562000
-7.631 -0.00612700
-7.624 -0.00669000
-7.617 -0.00731500
-7.61 -0.00801000
-7.602 -0.00878200
-7.594 -0.00964100
-7.587 -0.01060000
-7.579 -0.01166000
-7.571 -0.01285000
-7.562 -0.01416000
-7.554 -0.01562000
-7.545 -0.01723000
-7.537 -0.01899000
-7.528 -0.02092000
-7.519 -0.02301000
-7.51 -0.02524000
-7.5 -0.02756000
-7.491 -0.02990000
-7.481 -0.03216000
-7.472 -0.03413000
-7.462 -0.03552000
-7.452 -0.03589000
-7.442 -0.03459000
-7.431 -0.03070000
-7.421 -0.02288000
-7.41 -0.00934700
-7.399 0.01229000
-7.388 0.04501000
-7.377 0.09230000
-7.366 0.15770000
-7.354 0.24420000
-7.343 0.35260000
-7.331 0.48000000
-7.319 0.61810000
-7.307 0.75240000
-7.295 0.86410000
-7.283 0.93410000
-7.27 0.94880000
-7.257 0.90540000
-7.245 0.81240000
-7.232 0.68690000
-7.218 0.54850000
-7.205 0.41430000
-7.192 0.29580000
-7.178 0.19820000
-7.164 0.12250000
-7.15 0.06661000
-7.136 0.02706000
-7.122 0.00028640
-7.108 -0.01696000
-7.093 -0.02738000
-7.078 -0.03304000
-7.063 -0.03550000
-7.048 -0.03587000
-7.033 -0.03492000
-7.018 -0.03319000
-7.002 -0.03105000
-6.987 -0.02873000
-6.971 -0.02639000
-6.955 -0.02411000
-6.939 -0.02195000
-6.923 -0.01994000
-6.906 -0.01809000
-6.89 -0.01640000
-6.873 -0.01487000
-6.856 -0.01349000
-6.839 -0.01224000
-6.822 -0.01112000
-6.805 -0.01011000
-6.788 -0.00920000
-6.77 -0.00838500
-6.752 -0.00765300
-6.735 -0.00699400
-6.717 -0.00640100
-6.699 -0.00586700
-6.68 -0.00538500
-6.662 -0.00495000
-6.643 -0.00455600
-6.625 -0.00420000
-6.606 -0.00387700
-6.587 -0.00358400
-6.568 -0.00331700
-6.549 -0.00307400
-6.529 -0.00285300
-6.51 -0.00265100
-6.49 -0.00246700
-6.471 -0.00229800
-6.451 -0.00214300
-6.431 -0.00200200
-6.411 -0.00187100
-6.391 -0.00175100
-6.37 -0.00164100
-6.35 -0.00153900
-6.329 -0.00144500
-6.308 -0.00135800
-6.288 -0.00127800
-6.267 -0.00120300
-6.246 -0.00113400
-6.224 -0.00107000
-6.203 -0.00101100
-6.182 -0.00095530
-6.16 -0.00090370
-6.139 -0.00085570
-6.117 -0.00081080
-6.095 -0.00076900
-6.073 -0.00072990
-6.051 -0.00069330
-6.029 -0.00065900
-6.007 -0.00062690
-5.984 -0.00059680
-5.962 -0.00056860
-5.94 -0.00054210
-5.917 -0.00051710
-5.894 -0.00049360
-5.871 -0.00047150
-5.849 -0.00045070
-5.826 -0.00043110
-5.803 -0.00041260
-5.779 -0.00039510
-5.756 -0.00037860
-5.733 -0.00036300
-5.71 -0.00034820
-5.686 -0.00033420
-5.663 -0.00032100
-5.639 -0.00030840
-5.615 -0.00029650
-5.592 -0.00028520
-5.568 -0.00027450
-5.544 -0.00026430
-5.52 -0.00025460
-5.496 -0.00024540
-5.472 -0.00023660
-5.448 -0.00022820
-5.424 -0.00022030
-5.399 -0.00021270
-5.375 -0.00020550
-5.351 -0.00019860
-5.326 -0.00019200
-5.302 -0.00018570
-5.277 -0.00017970
-5.253 -0.00017400
-5.228 -0.00016850
-5.204 -0.00016320
-5.179 -0.00015820
-5.154 -0.00015340
-5.13 -0.00014880
-5.105 -0.00014440
-5.08 -0.00014020
-5.055 -0.00013610
-5.031 -0.00013220
-5.006 -0.00012850
-4.981 -0.00012490
-4.956 -0.00012150
-4.931 -0.00011820
-4.906 -0.00011500
-4.881 -0.00011190
-4.856 -0.00010900
-4.831 -0.00010620
-4.806 -0.00010340
-4.781 -0.00010080
-4.756 -0.00009831
-4.731 -0.00009588
-4.706 -0.00009354
-4.681 -0.00009128
-4.656 -0.00008911
-4.631 -0.00008701
-4.606 -0.00008499
-4.581 -0.00008304
-4.556 -0.00008116
-4.531 -0.00007934
-4.506 -0.00007758
-4.481 -0.00007589
-4.456 -0.00007425
-4.432 -0.00007266
-4.407 -0.00007113
-4.382 -0.00006965
-4.357 -0.00006822
-4.332 -0.00006684
-4.307 -0.00006550
-4.283 -0.00006420
-4.258 -0.00006295
-4.233 -0.00006173
-4.209 -0.00006055
-4.184 -0.00005942
-4.16 -0.00005831
-4.135 -0.00005724
-4.111 -0.00005620
-4.086 -0.00005520
-4.062 -0.00005423
-4.038 -0.00005328
-4.013 -0.00005237
-3.989 -0.00005148
-3.965 -0.00005061
-3.941 -0.00004978
-3.917 -0.00004897
-3.893 -0.00004818
-3.869 -0.00004741
-3.845 -0.00004667
-3.821 -0.00004595
-3.798 -0.00004525
-3.774 -0.00004457
-3.75 -0.00004391
-3.727 -0.00004327
-3.704 -0.00004265
-3.68 -0.00004204
-3.657 -0.00004145
-3.634 -0.00004088
-3.611 -0.00004033
-3.588 -0.00003979
-3.565 -0.00003926
-3.542 -0.00003875
-3.519 -0.00003825
-3.497 -0.00003777
-3.474 -0.00003730
-3.451 -0.00003685
-3.429 -0.00003640
-3.407 -0.00003597
-3.385 -0.00003555
-3.363 -0.00003514
-3.341 -0.00003475
-3.319 -0.00003436
-3.297 -0.00003399
-3.275 -0.00003362
-3.254 -0.00003327
-3.232 -0.00003292
-3.211 -0.00003259
-3.19 -0.00003226
-3.169 -0.00003194
-3.148 -0.00003163
-3.127 -0.00003133
-3.106 -0.00003104
-3.085 -0.00003076
-3.065 -0.00003048
-3.044 -0.00003022
-3.024 -0.00002996
-3.004 -0.00002970
-2.984 -0.00002946
-2.964 -0.00002922
-2.944 -0.00002899
-2.925 -0.00002877
-2.905 -0.00002855
-2.886 -0.00002834
-2.866 -0.00002813
-2.847 -0.00002793
-2.828 -0.00002774
-2.809 -0.00002755
-2.791 -0.00002737
-2.772 -0.00002720
-2.754 -0.00002703
-2.735 -0.00002686
-2.717 -0.00002670
-2.699 -0.00002655
-2.681 -0.00002640
-2.663 -0.00002626
-2.646 -0.00002612
-2.628 -0.00002599
-2.611 -0.00002586
-2.594 -0.00002574
-2.577 -0.00002562
-2.56 -0.00002550
-2.543 -0.00002539
-2.527 -0.00002529
-2.51 -0.00002519
-2.494 -0.00002509
-2.478 -0.00002500
-2.462 -0.00002491
-2.446 -0.00002483
-2.43 -0.00002475
-2.415 -0.00002468
-2.399 -0.00002461
-2.384 -0.00002454
-2.369 -0.00002448
-2.354 -0.00002442
-2.339 -0.00002436
-2.324 -0.00002431
-2.31 -0.00002427
-2.296 -0.00002422
-2.282 -0.00002419
-2.268 -0.00002415
-2.254 -0.00002412
-2.24 -0.00002409
-2.226 -0.00002407
-2.213 -0.00002405
-2.2 -0.00002403
-2.187 -0.00002402
-2.174 -0.00002401
-2.161 -0.00002401
-2.148 -0.00002401
-2.136 -0.00002401
-2.124 -0.00002402
-2.112 -0.00002403
-2.1 -0.00002404
-2.088 -0.00002406
-2.076 -0.00002408
-2.065 -0.00002411
-2.053 -0.00002413
-2.042 -0.00002417
-2.031 -0.00002420
-2.02 -0.00002425
-2.009 -0.00002429
-1.999 -0.00002434
-1.988 -0.00002439
-1.978 -0.00002445
-1.968 -0.00002451
-1.958 -0.00002457
-1.948 -0.00002464
-1.939 -0.00002471
-1.929 -0.00002479
-1.92 -0.00002487
-1.91 -0.00002496
-1.901 -0.00002505
-1.892 -0.00002514
-1.884 -0.00002524
-1.875 -0.00002534
-1.867 -0.00002545
-1.858 -0.00002556
-1.85 -0.00002568
-1.842 -0.00002580
-1.834 -0.00002592
-1.827 -0.00002605
-1.819 -0.00002619
-1.811 -0.00002633
-1.804 -0.00002648
-1.797 -0.00002663
-1.79 -0.00002678
-1.783 -0.00002694
-1.776 -0.00002711
-1.77 -0.00002728
-1.763 -0.00002746
-1.757 -0.00002765
-1.751 -0.00002784
-1.745 -0.00002803
-1.739 -0.00002823
-1.733 -0.00002844
-1.727 -0.00002866
-1.722 -0.00002888
-1.716 -0.00002911
-1.711 -0.00002934
-1.706 -0.00002958
-1.701 -0.00002983
-1.696 -0.00003009
-1.691 -0.00003035
-1.686 -0.00003062
-1.682 -0.00003090
-1.678 -0.00003119
-1.673 -0.00003148
-1.669 -0.00003179
-1.665 -0.00003210
-1.661 -0.00003242
-1.657 -0.00003275
-1.653 -0.00003309
-1.65 -0.00003344
-1.646 -0.00003380
-1.643 -0.00003417
-1.639 -0.00003455
-1.636 -0.00003494
-1.633 -0.00003535
-1.63 -0.00003576
-1.627 -0.00003619
-1.624 -0.00003662
-1.622 -0.00003707
-1.619 -0.00003754
-1.617 -0.00003801
-1.614 -0.00003850
-1.612 -0.00003900
-1.61 -0.00003952
-1.607 -0.00004005
-1.605 -0.00004060
-1.603 -0.00004117
-1.601 -0.00004175
-1.6 -0.00004234
-1.598 -0.00004296
-1.596 -0.00004359
-1.594 -0.00004424
-1.593 -0.00004491
-1.591 -0.00004560
-1.59 -0.00004631
-1.589 -0.00004704
-1.588 -0.00004779
-1.586 -0.00004857
-1.585 -0.00004937
-1.584 -0.00005019
-1.583 -0.00005104
-1.582 -0.00005192
-1.581 -0.00005282
-1.58 -0.00005375
-1.58 -0.00005471
-1.579 -0.00005570
-1.578 -0.00005672
-1.577 -0.00005777
-1.577 -0.00005886
-1.576 -0.00005998
-1.576 -0.00006114
-1.575 -0.00006233
-1.575 -0.00006357
-1.574 -0.00006484
-1.574 -0.00006616
-1.574 -0.00006752
-1.573 -0.00006893
-1.573 -0.00007039
-1.573 -0.00007189
-1.573 -0.00007345
-1.572 -0.00007506
-1.572 -0.00007673
-1.572 -0.00007845
-1.572 -0.00008024
-1.572 -0.00008209
-1.571 -0.00008401
-1.571 -0.00008599
-1.571 -0.00008805
-1.571 -0.00009019
-1.571 -0.00009240
-1.571 -0.00009470
-1.571 -0.00009708
-1.571 -0.00009956
-1.57 -0.00010210
-1.57 -0.00010480
-1.57 -0.00010760
-1.57 -0.00011040
-1.57 -0.00011340
-1.57 -0.00011660
-1.569 -0.00011980
-1.569 -0.00012320
-1.569 -0.00012670
-1.569 -0.00013030
-1.568 -0.00013420
-1.568 -0.00013810
-1.568 -0.00014230
-1.567 -0.00014660
-1.567 -0.00015110
-1.567 -0.00015580
-1.566 -0.00016070
-1.566 -0.00016580
-1.565 -0.00017120
-1.564 -0.00017680
-1.564 -0.00018270
-1.563 -0.00018880
-1.562 -0.00019530
-1.562 -0.00020200
-1.561 -0.00020900
-1.56 -0.00021650
-1.559 -0.00022420
-1.558 -0.00023240
-1.557 -0.00024090
-1.556 -0.00024990
-1.555 -0.00025940
-1.553 -0.00026930
-1.552 -0.00027980
-1.551 -0.00029080
-1.549 -0.00030240
-1.548 -0.00031460
-1.546 -0.00032750
-1.545 -0.00034110
-1.543 -0.00035550
-1.541 -0.00037070
-1.539 -0.00038670
-1.537 -0.00040370
-1.535 -0.00042170
-1.533 -0.00044080
-1.531 -0.00046100
-1.529 -0.00048240
-1.526 -0.00050520
-1.524 -0.00052940
-1.521 -0.00055510
-1.519 -0.00058250
-1.516 -0.00061170
-1.513 -0.00064270
-1.51 -0.00067590
-1.507 -0.00071130
-1.504 -0.00074910
-1.5 -0.00078960
-1.497 -0.00083290
-1.494 -0.00087930
-1.49 -0.00092900
-1.486 -0.00098250
-1.483 -0.00104000
-1.479 -0.00110200
-1.475 -0.00116800
-1.471 -0.00124000
-1.466 -0.00131700
-1.462 -0.00140100
-1.457 -0.00149100
-1.453 -0.00158900
-1.448 -0.00169500
-1.443 -0.00181000
-1.438 -0.00193500
-1.433 -0.00207100
-1.428 -0.00221900
-1.423 -0.00238100
-1.417 -0.00255700
-1.411 -0.00275000
-1.406 -0.00296100
-1.4 -0.00319300
-1.394 -0.00344700
-1.388 -0.00372700
-1.381 -0.00403400
-1.375 -0.00437400
-1.369 -0.00474800
-1.362 -0.00516200
-1.355 -0.00562000
-1.348 -0.00612700
-1.341 -0.00669000
-1.334 -0.00731500
-1.326 -0.00801000
-1.319 -0.00878200
-1.311 -0.00964100
-1.303 -0.01060000
-1.295 -0.01166000
-1.287 -0.01285000
-1.279 -0.01416000
-1.271 -0.01562000
-1.262 -0.01723000
-1.254 -0.01899000
-1.245 -0.02092000
-1.236 -0.02301000
-1.227 -0.02524000
-1.217 -0.02756000
-1.208 -0.02990000
-1.198 -0.03216000
-1.189 -0.03413000
-1.179 -0.03552000
-1.169 -0.03589000
-1.158 -0.03459000
-1.148 -0.03070000
-1.138 -0.02288000
-1.127 -0.00934600
-1.116 0.01229000
-1.105 0.04501000
-1.094 0.09230000
-1.083 0.15770000
-1.071 0.24420000
-1.06 0.35260000
-1.048 0.48010000
-1.036 0.61810000
-1.024 0.75240000
-1.012 0.86410000
-0.9994 0.93410000
-0.9869 0.94880000
-0.9742 0.90540000
-0.9613 0.81240000
-0.9483 0.68690000
-0.9352 0.54850000
-0.9219 0.41430000
-0.9084 0.29580000
-0.8948 0.19820000
-0.881 0.12250000
-0.8671 0.06661000
-0.853 0.02706000
-0.8388 0.00028640
-0.8244 -0.01696000
-0.8098 -0.02738000
-0.7951 -0.03304000
-0.7802 -0.03550000
-0.7652 -0.03587000
-0.7501 -0.03492000
-0.7347 -0.03319000
-0.7193 -0.03105000
-0.7037 -0.02873000
-0.6879 -0.02639000
-0.672 -0.02411000
-0.6559 -0.02195000
-0.6397 -0.01994000
-0.6233 -0.01809000
-0.6068 -0.01640000
-0.5901 -0.01487000
-0.5733 -0.01349000
-0.5563 -0.01224000
-0.5392 -0.01112000
-0.5219 -0.01011000
-0.5045 -0.00920000
-0.487 -0.00838500
-0.4693 -0.00765300
-0.4515 -0.00699400
-0.4335 -0.00640100
-0.4154 -0.00586700
-0.3972 -0.00538500
-0.3788 -0.00495000
-0.3602 -0.00455600
-0.3416 -0.00420000
-0.3228 -0.00387700
-0.3039 -0.00358400
-0.2848 -0.00331700
-0.2656 -0.00307400
-0.2463 -0.00285300
-0.2268 -0.00265100
-0.2072 -0.00246700
-0.1875 -0.00229800
-0.1676 -0.00214300
-0.1477 -0.00200200
-0.1276 -0.00187100
-0.1073 -0.00175100
-0.087 -0.00164100
-0.06653 -0.00153900
-0.04594 -0.00144500
-0.02524 -0.00135800
-0.004416 -0.00127800
0.01652 -0.00120300
0.03758 -0.00113400
0.05875 -0.00107000
0.08002 -0.00101100
0.1014 -0.00095530
0.1229 -0.00090370
0.1445 -0.00085570
0.1662 -0.00081080
0.1881 -0.00076900
0.21 -0.00072990
0.232 -0.00069330
0.2541 -0.00065900
0.2764 -0.00062690
0.2987 -0.00059680
0.3211 -0.00056860
0.3436 -0.00054210
0.3662 -0.00051710
0.3889 -0.00049360
0.4117 -0.00047150
0.4346 -0.00045070
0.4576 -0.00043110
0.4806 -0.00041260
0.5037 -0.00039510
0.527 -0.00037860
0.5503 -0.00036300
0.5736 -0.00034820
0.5971 -0.00033420
0.6206 -0.00032100
0.6442 -0.00030840
0.6679 -0.00029650
0.6916 -0.00028520
0.7154 -0.00027450
0.7393 -0.00026430
0.7632 -0.00025460
0.7872 -0.00024540
0.8113 -0.00023660
0.8354 -0.00022820
0.8596 -0.00022030
0.8838 -0.00021270
0.9081 -0.00020550
0.9324 -0.00019860
0.9568 -0.00019200
0.9812 -0.00018570
1.006 -0.00017970
1.03 -0.00017400
1.055 -0.00016850
1.079 -0.00016320
1.104 -0.00015820
1.129 -0.00015340
1.153 -0.00014880
1.178 -0.00014440
1.203 -0.00014020
1.228 -0.00013610
1.253 -0.00013220
1.277 -0.00012850
1.302 -0.00012490
1.327 -0.00012150
1.352 -0.00011820
1.377 -0.00011500
1.402 -0.00011190
1.427 -0.00010900
1.452 -0.00010620
1.477 -0.00010340
1.502 -0.00010080
1.527 -0.00009831
1.552 -0.00009588
1.577 -0.00009354
1.602 -0.00009128
1.627 -0.00008911
1.652 -0.00008701
1.677 -0.00008499
1.702 -0.00008304
1.727 -0.00008116
1.752 -0.00007934
1.777 -0.00007758
1.802 -0.00007589
1.827 -0.00007425
1.852 -0.00007266
1.877 -0.00007113
1.901 -0.00006965
1.926 -0.00006822
1.951 -0.00006684
1.976 -0.00006550
2 -0.00006420
2.025 -0.00006295
2.05 -0.00006173
2.074 -0.00006055
2.099 -0.00005942
2.124 -0.00005831
2.148 -0.00005724
2.173 -0.00005620
2.197 -0.00005520
2.221 -0.00005423
2.246 -0.00005328
2.27 -0.00005237
2.294 -0.00005148
2.318 -0.00005061
2.342 -0.00004978
2.366 -0.00004897
2.39 -0.00004818
2.414 -0.00004741
2.438 -0.00004667
2.462 -0.00004595
2.486 -0.00004525
2.509 -0.00004457
2.533 -0.00004391
2.556 -0.00004327
2.58 -0.00004265
2.603 -0.00004204
2.626 -0.00004145
2.649 -0.00004088
2.673 -0.00004033
2.696 -0.00003979
2.718 -0.00003926
2.741 -0.00003875
2.764 -0.00003825
2.787 -0.00003777
2.809 -0.00003730
2.832 -0.00003685
2.854 -0.00003640
2.876 -0.00003597
2.899 -0.00003555
2.921 -0.00003514
2.943 -0.00003475
2.964 -0.00003436
2.986 -0.00003399
3.008 -0.00003362
3.029 -0.00003327
3.051 -0.00003292
3.072 -0.00003259
3.093 -0.00003226
3.115 -0.00003194
3.136 -0.00003163
3.156 -0.00003133
3.177 -0.00003104
3.198 -0.00003076
3.218 -0.00003048
3.239 -0.00003022
3.259 -0.00002996
3.279 -0.00002970
3.299 -0.00002946
3.319 -0.00002922
3.339 -0.00002899
3.359 -0.00002877
3.378 -0.00002855
3.398 -0.00002834
3.417 -0.00002813
3.436 -0.00002793
3.455 -0.00002774
3.474 -0.00002755
3.493 -0.00002737
3.511 -0.00002720
3.53 -0.00002703
3.548 -0.00002686
3.566 -0.00002670
3.584 -0.00002655
3.602 -0.00002640
3.62 -0.00002626
3.637 -0.00002612
3.655 -0.00002599
3.672 -0.00002586
3.689 -0.00002574
3.706 -0.00002562
3.723 -0.00002550
3.74 -0.00002539
3.757 -0.00002529
3.773 -0.00002519
3.789 -0.00002509
3.806 -0.00002500
3.822 -0.00002491
3.837 -0.00002483
3.853 -0.00002475
3.869 -0.00002468
3.884 -0.00002461
3.899 -0.00002454
3.914 -0.00002448
3.929 -0.00002442
3.944 -0.00002436
3.959 -0.00002431
3.973 -0.00002427
3.987 -0.00002422
4.002 -0.00002419
4.016 -0.00002415
4.03 -0.00002412
4.043 -0.00002409
4.057 -0.00002407
4.07 -0.00002405
4.083 -0.00002403
4.096 -0.00002402
4.109 -0.00002401
4.122 -0.00002401
4.135 -0.00002401
4.147 -0.00002401
4.159 -0.00002402
4.172 -0.00002403
4.184 -0.00002404
4.195 -0.00002406
4.207 -0.00002408
4.219 -0.00002411
4.23 -0.00002413
4.241 -0.00002417
4.252 -0.00002420
4.263 -0.00002425
4.274 -0.00002429
4.284 -0.00002434
4.295 -0.00002439
4.305 -0.00002445
4.315 -0.00002451
4.325 -0.00002457
4.335 -0.00002464
4.345 -0.00002471
4.354 -0.00002479
4.364 -0.00002487
4.373 -0.00002496
4.382 -0.00002505
4.391 -0.00002514
4.399 -0.00002524
4.408 -0.00002534
4.417 -0.00002545
4.425 -0.00002556
4.433 -0.00002568
4.441 -0.00002580
4.449 -0.00002592
4.457 -0.00002605
4.464 -0.00002619
4.472 -0.00002633
4.479 -0.00002648
4.486 -0.00002663
4.493 -0.00002678
4.5 -0.00002694
4.507 -0.00002711
4.513 -0.00002728
4.52 -0.00002746
4.526 -0.00002765
4.532 -0.00002784
4.539 -0.00002803
4.544 -0.00002823
4.55 -0.00002844
4.556 -0.00002866
